
'''Noritada Saneyoshi''' (born 19 October 1972) is a former Japanese Association football|football player. He has played for Gamba Osaka.

Club career statistics


|-
|1995||rowspan="13"|Gamba Osaka||rowspan="13"|J. League Division 1|J. League 1||31||0||4||0||colspan="2"|-||35||0
|-
|1996||28||0||4||0||10||0||42||0
|-
|1997||30||0||3||0||5||0||38||0
|-
|1998||34||0||0||0||4||0||38||0
|-
|1999||28||0||0||0||4||0||32||0
|-
|2000||3||0||0||0||0||0||3||0
|-
|2001||1||0||3||0||0||0||4||0
|-
|2002||15||0||1||0||4||0||20||0
|-
|2003||15||0||2||0||5||0||22||0
|-
|2004||22||0||4||1||7||0||33||1
|-
|2005||24||1||0||0||7||0||31||1
|-
|2006||4||0||4||0||0||0||8||0
|-
|2007||1||0||0||0||1||0||2||0
236||1||25||1||47||0||307||2
236||1||25||1||47||0||307||2
|}

Category:Footballers from Ehime Prefecture