
'''Tetsuya Okayama''' (born 27 August 1973 in Nagoya, Aichi) is a former Japanese Association football|football player.

Club career statistics


|-
|1992||rowspan="13"|Nagoya Grampus Eight||rowspan="13"|J. League Division 1|J. League 1||colspan="2"|-||0||0||0||0||0||0
|-
|1993||7||1||0||0||3||2||10||3
|-
|1994||2||0||2||1||0||0||4||1
|-
|1995||40||10||5||2||colspan="2"|-||45||12
|-
|1996||26||9||1||0||14||2||41||11
|-
|1997||28||3||1||0||10||2||39||5
|-
|1998||30||14||4||3||4||1||38||18
|-
|1999||22||3||3||0||5||1||30||4
|-
|2000||28||6||2||0||6||3||36||9
|-
|2001||23||2||1||0||4||1||28||3
|-
|2002||28||0||3||1||4||0||35||1
|-
|2003||23||2||2||0||5||0||30||2
|-
|2004||21||4||0||0||4||1||25||5
|-
|2005||rowspan="2"|Albirex Niigata||rowspan="2"|J. League Division 1|J. League 1||12||0||1||0||5||0||18||0
|-
|2006||16||0||0||0||6||1||22||1

|-
|2007||rowspan="2"|Albirex Niigata||rowspan="2"|S. League||||||||||||||||
|-
|2008||30||9||1||0||0||0||31||9
306||54||25||7||70||14||401||75
30||9||1||0||0||0||31||9
336||63||26||7||70||14||432||84
|}

Category:Footballers from Aichi Prefecture